

388.148540
388.176140
388.210665
388.250285
388.280630
388.309710
388.343005
388.386275
388.417030
388.451515
388.494730
388.548580
388.592120
388.614980
388.641615
388.663265
388.701130
388.737345
388.762645
388.793240
388.823205
388.842280
388.877115
388.906245
388.936795
388.962040
388.993390
389.003595
389.030165
389.036240
389.062070
389.104630
389.146245
389.199615
389.230345
389.260415
389.295685
389.313835
389.350360
389.366205
389.408095
389.426970
389.463900
389.508475
389.534950
389.563800
389.588955
389.641900
389.680870
389.701705
389.739755
389.806160
389.840685
389.859685
389.882410
389.920605
389.948770
389.973945
390.003545
390.005305
390.036280
390.062210
390.127920
390.148555
390.180995
390.217140
390.253765
390.309790
390.335895
390.365460
390.399920
390.418585
390.448585
390.504765
390.525895
390.564030
390.603230
390.633265
390.697320
390.720910
390.737345
390.780755
390.808760
390.837925
390.877160
390.911970
390.927310
390.973145
391.003500
391.005950
391.029135
391.040005
391.096865
391.138165
391.179925
391.221955
391.256820
391.290905
391.344080
391.363825
391.412045
391.447735
391.476945
391.523985
391.565890
391.597565
391.642460
391.667190
391.690835
391.720130
391.764630
391.802460
391.849890
391.878245
391.904185
391.927270
391.952570
391.998420
392.003455
392.030455
392.049345
392.092335
392.137325
392.201245
392.239510
392.268970
392.298765
392.325005
392.376845
392.401155
392.428835
392.452635
392.474305
392.513040
392.545310
392.581860
392.603540
392.641825
392.675250
392.732250
392.780620
392.817560
392.840235
392.881470
392.918495
392.940945
392.977500
393.002785
393.032450
393.041125
393.074320
393.139955
393.198510
393.211260
393.274805
393.318755
393.354605
393.382255
393.460050
393.486125
393.518075
393.544765
393.578525
393.607035
393.660205
393.706840
393.724620
393.763180
393.815095
393.841150
393.880245
393.950240
393.988615
394.003365
394.032855
394.043855
394.102185
394.162340
394.203760
394.243550
394.270560
394.301435
394.323295
394.359565
394.388915
394.434980
394.488715
394.540800
394.561150
394.602110
394.646040
394.674320
394.709910
394.728970
394.771050
394.811695
394.839410
394.868745
394.900045
394.943695
394.995270
395.003320
395.029545
395.035875
395.095485
395.130065
395.178360
395.235970
395.267930
395.300605
395.319240
395.356405
395.397015
395.422800
395.452755
395.507545
395.534955
395.555985
395.630210
395.667335
395.708200
395.741945
395.769440
395.803675
395.827660
395.873990
395.930105
395.970120
396.003275
396.030480
396.036605
396.065665
396.137460
396.165520
396.192100
396.217235
396.252890
396.288265
396.315440
396.347420
396.397585
396.417295
396.456330
396.496950
396.559655
396.583210
396.643745
396.674360
396.729990
396.784925
396.848430
396.883380
396.912135
396.936440
396.964410
396.990710
397.003230
397.031815
397.048220
397.076335
397.120125
397.175955
397.225005
397.260475
397.281575
397.314260
397.335160
397.366950
397.401335
397.438230
397.477300
397.520320
397.564750
397.598175
397.641810
397.669955
397.699610
397.733675
397.765850
397.800995
397.831135
397.872240
397.903810
397.929745
397.970335
398.000865
398.003185
398.029725
398.042525
398.080830
398.120240
398.173600
398.215335
398.249145
398.294290
398.310605
398.353400
398.390555
398.483820
398.510510
398.542075
398.604420
398.620585
398.648360
398.686250
398.708875
398.774895
398.815995
398.851340
398.891420
398.934035
398.950560
398.986485
399.003140
399.029295
399.067165
399.122830
399.168790
399.228460
399.267550
399.312365
399.342300
399.390420
399.420810
399.460560
399.480525
399.526095
399.573945
399.601115
399.621855
399.659545
399.715400
399.751620
399.797980
399.827095
399.850445
399.880795
399.915645
399.955550
399.969135
400.003095
400.013795
400.040280
400.091915
400.120685
400.157255
400.186120
400.209760
400.234420
400.278375
400.303665
400.352070
400.407935
400.428125
400.451315
400.466780
400.531140
400.555240
400.585310
400.624400
400.666090
400.702790
400.749390
400.777060
400.821225
400.874450
400.894510
400.948180
400.961150
401.003045
401.006685
401.031225
401.035510
401.086270
401.126555
401.154440
401.190630
401.228345
401.273215
401.312250
401.328285
401.376085
401.420820
401.435220
401.469845
401.513520
401.586255
401.621005
401.654105
401.713060
401.741870
401.777110
401.817545
401.862755
401.912025
401.931235
401.966655
401.995385
402.003000
402.031045
402.045575
402.092860
402.127750
402.174190
402.241350
402.271400
402.310690
402.362515
402.392325
402.438155
402.472485
402.520400
402.560905
402.604625
402.628510
402.663620
402.693600
402.740395
402.767500
402.806195
402.859445
402.883400
402.931075
402.986370
403.001730
403.002955
403.028275
403.042955
403.089700
403.112270
403.147375
403.182175
403.217460
403.262645
403.322015
403.338900
403.382740
403.433780
403.461030
403.497370
403.535905
403.587445
403.624560
403.658985
403.693865
403.735920
403.768540
403.813875
403.883005
403.925625
403.969160
403.987390
404.002910
404.032275
404.046050
404.074835
404.125785
404.177190
404.212210
404.251680
404.290060
404.342010
404.356715
404.408580
404.452185
404.483080
404.517260
404.550420
404.602215
404.643665
404.675120
404.713320
404.728900
404.824135
404.844850
404.905195
404.928755
405.002865
405.006305
405.032825
405.066895
405.108110
405.137230
405.180740
405.210855
405.287525
405.330360
405.394600
405.423430
405.463370
405.514480
405.565945
405.619530
405.662070
405.689010
405.748555
405.767760
405.791025
405.822645
405.845535
405.873590
405.926540
405.973660
406.002820
406.007380
406.032155
406.040260
406.072665
406.126125
406.167300
406.187950
406.235025
406.269175
406.307420
406.372120
406.426455
406.455450
406.520545
406.590830
406.630275
406.675260
406.725915
406.760370
406.802780
406.827020
406.892540
406.928650
406.959050
406.994500
407.002775
407.031105
407.040265
407.077760
407.129110
407.155290
407.185785
407.227500
407.274945
407.308225
407.347825
407.387145
407.414690
407.461535
407.493835
407.535385
407.578725
407.597625
407.637660
407.682495
407.737535
407.762210
407.816565
407.846630
407.911650
407.944315
407.991100
408.002730
408.025015
408.032845
408.064060
408.123565
408.156445
408.212325
408.228700
408.312095
408.334110
408.384195
408.410850
408.478930
408.551725
408.573420
408.601675
408.649260
408.675005
408.717270
408.754175
408.797830
408.840500
408.861705
408.898600
408.937635
408.967005
409.002685
409.011370
409.030435
409.038935
409.087865
409.114210
409.141230
409.200065
409.231440
409.270690
409.300605
409.372970
409.391270
409.431100
409.459340
409.518020
409.554625
409.604210
409.627680
409.666440
409.716570
409.766300
409.808410
409.857835
409.898315
409.929400
409.970475
409.986500
410.002010
410.026170
410.055775
410.108985
410.157270
410.189925
410.235300
410.272980
410.312325
410.378915
410.398965
410.431305
410.456070
410.497685
410.564290
410.595090
410.656155
410.713060
410.750730
410.782140
410.824700
410.845515
410.863035
410.902760
410.925420
410.968690
411.001965
411.005755
411.029370
411.042785
411.080055
411.107265
411.129715
411.171455
411.249600
411.300465
411.333505
411.348995
411.375860
411.414135
411.452260
411.489355
411.548650
411.580475
411.616880
411.663300
411.712370
411.733460
411.767420
411.829825
411.857040
411.881300
411.918045
411.942835
411.978760
412.002545
412.010640
412.034350
412.050540
412.101210
412.122140
412.159560
412.189825
412.230255
412.269690
412.291220
412.335290
412.360410
412.400140
412.453725
412.489330
412.534995
412.570910
412.602790
412.644605
412.682075
412.753160
412.780815
412.816040
412.855870
412.900005
412.930395
412.953000
412.999900
413.002500
413.028770
413.037430
413.059145
413.106220
413.136905
413.163550
413.216370
413.241465
413.287785
413.327705
413.353985
413.390525
413.416405
413.460615
413.501515
413.542065
413.579945
413.617015
413.657005
413.680165
413.714050
413.726885
413.741755
413.766120
413.786255
413.803280
413.856620
413.887405
413.936215
413.964020
413.997350
414.002455
414.030055
414.033365
414.066580
414.107035
414.119780
414.165825
414.221155
414.255285
414.273800
414.320500
414.356175
414.405635
414.434220
414.465335
414.488025
414.543590
414.572140
414.622600
414.674960
414.739020
414.761540
414.790855
414.834220
414.873215
414.911115
414.945525
414.980945
415.002410
415.005010
415.031500
415.064110
415.128555
415.156670
415.191980
415.267260
415.305815
415.346695
415.382385
415.409940
415.454050
415.484965
415.524525
415.558940
415.598095
415.648230
415.684220
415.710625
415.744975
415.806620
415.829930
415.867310
415.899740
415.924655
415.960105
415.995475
416.001740
416.027190
416.041995
416.094010
416.109390
416.162165
416.211535
416.252945
416.288395
416.369200
416.384175
416.441785
416.508015
416.530290
416.573735
416.614665
416.647485
416.667800
416.704210
416.732820
416.767105
416.800575
416.855720
416.889705
416.918400
416.953695
416.988435
417.002320
417.011175
417.030410
417.034880
417.089090
417.131500
417.160910
417.206005
417.247500
417.334930
417.361995
417.398695
417.424160
417.440840
417.499375
417.519720
417.555655
417.587985
417.613710
417.654190
417.683790
417.750560
417.816740
417.839865
417.886870
417.922995
417.962605
417.996640
418.002275
418.028325
418.034210
418.065820
418.094570
418.169315
418.216515
418.255075
418.284520
418.301120
418.336975
418.357980
418.391905
418.430660
418.459810
418.483040
418.522085
418.568600
418.599070
418.640100
418.681375
418.706875
418.752680
418.772725
418.817585
418.852250
418.889460
418.912540
418.959300
418.994830
419.002230
419.027140
419.038585
419.056505
419.093945
419.132915
419.165685
419.208040
419.239695
419.283550
419.308635
419.332690
419.370920
419.422345
419.438375
419.482060
419.518535
419.570340
419.603400
419.627190
419.650980
419.694375
419.714855
419.770970
419.804640
419.839505
419.863415
419.901730
419.940555
419.959535
420.002185
420.009595
420.030950
420.036635
420.069810
420.113435
420.160740
420.194105
420.234610
420.262260
420.294665
420.319845
420.361455
420.377130
420.415595
420.448045
420.475850
420.511350
420.561770
420.597330
420.617785
420.679995
420.717345
420.759720
420.796045
420.844065
420.883670
420.906780
420.944080
420.965630
421.002140
421.026565
421.030350
421.042660
421.062830
421.112650
421.131825
421.181100
421.205055
421.253365
421.277285
421.328025
421.357585
421.378500
421.407755
421.442950
421.493605
421.514755
421.557780
421.577900
421.619150
421.659285
421.693055
421.729930
421.766460
421.814135
421.827360
421.866500
421.906445
421.942580
421.987390
422.002095
422.028650
422.035565
422.071145
422.104380
422.138170
422.167965
422.228990
422.261395
422.337750
422.374745
422.414660
422.434740
422.483855
422.508130
422.556265
422.604800
422.634510
422.667200
422.703450
422.743685
422.777260
422.812875
422.845615
422.877400
422.914595
422.953375
422.977030
423.002050
423.006860
423.030265
423.036550
423.057995
423.106960
423.139405
423.175720
423.207480
423.239280
423.264910
423.299195
423.331055
423.366620
423.388880
423.437855
423.460075
423.491795
423.519305
423.573075
423.593505
423.636035
423.682695
423.717400
423.737825
423.780365
423.804095
423.838585
423.856680
423.915280
423.956265
424.002005
424.006520
424.032955
424.057495
424.073065
424.108615
424.134585
424.192080
424.223275
424.275025
424.319955
424.361865
424.379430
424.413240
424.461005
424.529790
424.576145
424.597095
424.635550
424.657895
424.713600
424.754065
424.785795
424.822585
424.855580
424.893665
424.932565
424.963145
424.994560
425.001955
425.029455
425.038340
425.074555
425.106670
425.157555
425.182830
425.222350
425.251975
425.289620
425.323405
425.351305
425.394045
425.416320
425.488180
425.514355
425.569895
425.617565
425.656385
425.720135
425.744525
425.797770
425.831880
425.880095
425.900200
425.935565
425.982700
426.001910
426.007425
426.026070
426.039160
426.070460
426.119085
426.144160
426.181540
426.203160
426.237985
426.285715
426.321180
426.353400
426.386450
426.418450
426.496130
426.536160
426.593725
426.646315
426.667230
426.710600
426.741070
426.779200
426.824250
426.863790
426.922470
426.951375
427.001865
427.010105
427.030845
427.100415
427.138965
427.159910
427.200605
427.250410
427.276800
427.313615
427.353870
427.427840
427.484520
427.526695
427.567600
427.606615
427.653985
427.708500
427.749655
427.799840
427.844605
427.883095
427.909245
427.947430
427.979110
428.001820
428.005135
428.031860
428.047095
428.117045
428.168555
428.223710
428.288285
428.306720
428.346055
428.404750
428.441440
428.481615
428.519715
428.550420
428.581530
428.615410
428.688690
428.722345
428.763295
428.792665
428.822660
428.836460
428.871605
428.929190
428.949700
428.995790
429.001775
429.027650
429.042400
429.084020
429.125090
429.145450
429.185750
429.230555
429.264630
429.327180
429.364915
429.397385
429.422875
429.438800
429.496950
429.544995
429.591675
429.639960
429.689145
429.714145
429.755745
429.795845
429.831000
429.890665
429.943010
429.977185
430.001725
430.028245
430.039700
430.056045
430.093805
430.146555
430.174125
430.207785
430.236895
430.287075
430.314755
430.337675
430.371800
430.405300
430.433670
430.470300
430.502160
430.529085
430.574990
430.606385
430.646505
430.698760
430.749380
430.778695
430.800845
430.831305
430.861825
430.891035
430.922445
430.940820
430.968195
431.001680
431.005345
431.029450
431.043920
431.086905
431.123420
431.156035
431.215475
431.240215
431.310455
431.409530
431.446410
431.464100
431.503280
431.566185
431.585340
431.621540
431.650115
431.676280
431.717765
431.753595
431.779140
431.806945
431.843000
431.868080
431.892650
431.913430
431.949855
431.976855
431.991930
432.001640
432.027965
432.037010
432.090305
432.120195
432.164195
432.232095
432.274515
432.325670
432.362705
432.400925
432.430090
432.461900
432.489010
432.533295
432.565890
432.594690
432.629275
432.689295
432.731850
432.756715
432.781970
432.803320
432.841990
432.901590
432.942415
432.990455
433.001590
433.010395
433.027310
433.039580
433.077630
433.116645
433.159015
433.211375
433.255855
433.312520
433.329390
433.362150
433.388045
433.445135
433.458620
433.505165
433.538535
433.556285
433.598850
433.638195
433.679365
433.707305
433.771925
433.807775
433.832245
433.856055
433.887845
433.935615
433.969360
433.985855
434.001545
434.005545
434.029190
434.045420
434.122895
434.143515
434.185890
434.215165
434.252210
434.285465
434.311010
434.335035
434.370545
434.408085
434.433275
434.478430
434.524395
434.539690
434.587400
434.633345
434.674025
434.705850
434.746240
434.812510
434.854240
434.891265
434.938630
434.976535
435.001500
435.028520
435.033765
435.098145
435.138065
435.184600
435.228555
435.254105
435.285920
435.332035
435.354850
435.379645
435.405435
435.436725
435.498310
435.533365
435.567575
435.608480
435.632230
435.676980
435.698205
435.745760
435.763540
435.786705
435.826740
435.865845
435.906850
435.940820
435.959870
436.001455
436.005405
436.030220
436.049165
436.080960
436.136695
436.172810
436.207410
436.232660
436.264950
436.314260
436.339650
436.381220
436.403190
436.459865
436.488360
436.524095
436.544275
436.602080
436.643865
436.674665
436.705155
436.747605
436.782490
436.800120
436.864585
436.885245
436.928420
436.980220
437.001410
437.030565
437.081740
437.099735
437.135170
437.171665
437.200520
437.238550
437.259095
437.282045
437.320405
437.343475
437.389825
437.445740
437.498580
437.533845
437.569855
437.591770
437.603280
437.644645
437.691970
437.740205
437.781295
437.832815
437.871945
437.902840
437.930870
437.957355
437.985790
438.001365
438.029765
438.039545
438.080030
438.105210




