


279.531125
279.604665
279.615840
279.638680
279.684605
279.707585
279.749115
279.775445
279.783900
279.807935
279.846660
279.882405
279.923380
279.959665
279.995200
280.014415
280.112765
280.141750
280.154790
280.252670
280.342135
280.373975
280.415180
280.476845
280.552790
280.589265
280.641095
280.681075
280.694060
280.719530
280.739805
280.789445
280.892340
280.941450
280.964740
280.998990
281.032725
281.056410
281.231220
281.235305
281.320500
281.327355
281.389935
281.481755
281.547695
281.585180
281.602065
281.613700
281.639790
281.715680
281.727680
281.795735
281.918400
281.974035
282.004585
282.041015
282.076455
282.161055
282.174755
282.232360
282.236135
282.347835
282.411005
282.501635
282.560905
282.594255
282.638900
282.691375
282.714490
282.775295
282.806470
282.873505
282.914545
282.989860
283.052865
283.129735
283.151205
283.195530
283.231860
283.236900
283.385230
283.506400
283.546360
283.636665
283.658545
283.671980
283.706385
283.721785
283.839630
283.876705
283.913460
283.957645
284.021280
284.047555
284.071955
284.087020
284.141270
284.160740
284.203300
284.227825
284.231100
284.234445
284.365685
284.417995
284.503610
284.611405
284.663530
284.677635
284.722240
284.783135
284.816860
284.858265
284.876415
285.018510
285.039635
285.149985
285.215700
285.231850
285.240040
285.299765
285.373510
285.504805
285.570635
285.613470
285.646810
285.678220
285.707195
285.765300
285.797905
285.820625
285.837780
285.909275
285.946010
285.992105
286.062105
286.092625
286.120700
286.146605
286.190415
286.196470
286.230245
286.302015
286.348595
286.462640
286.563685
286.629475
286.665565
286.686290
286.708610
286.731880
286.796300
287.000035
287.093495
287.109460
287.174585
287.232350
287.235775
287.330375
287.417525
287.463415
287.502745
287.646315
287.724105
287.819765
287.856400
287.949370
287.989380
288.045015
288.110985
288.165635
288.199410
288.228265
288.239365
288.356485
288.393210
288.522660
288.606175
288.646835
288.658990
288.683345
288.740520
288.797170
288.842410
288.892070
288.919135
288.940070
289.038925
289.074895
289.116320
289.161085
289.211465
289.236915
289.344735
289.413145
289.469440
289.541260
289.598390
289.610095
289.639495
289.741805
289.750075
289.817355
289.855530
289.883915
289.895035
289.979975
290.036785
290.071260
290.092585
290.146110
290.240345
290.255440
290.360360
290.407420
290.477200
290.563550
290.630170
290.659790
290.690800
290.729230
290.748555
290.815325
290.859395
290.883605
290.889495
290.909110
290.938270
290.985010
291.040935
291.071035
291.133250
291.159070
291.229115
291.239100
291.326265
291.381910
291.453770
291.568270
291.595090
291.676565
291.701135
291.740055
291.766150
291.846815
291.877790
291.911585
291.947885
291.970230
291.987970
292.050450
292.075420
292.095370
292.113940
292.188435
292.226130
292.232970
292.274920
292.337770
292.356545
292.434715
292.570765
292.607575
292.625110
292.662660
292.688010
292.695475
292.721600
292.738660
292.752725
292.808390
292.866620
292.970815
293.001440
293.032400
293.090535
293.127960
293.148040
293.158585
293.194550
293.236880
293.324785
293.388415
293.448425
293.578905
293.623700
293.645720
293.665080
293.705865
293.720115
293.804815
293.843935
293.877270
293.893950
293.906680
293.927195
293.957770
293.986225
294.072100
294.110625
294.115520
294.147485
294.186895
294.234775
294.320050
294.334875
294.433105
294.494835
294.527515
294.559875
294.577500
294.600050
294.638895
294.684065
294.772880
294.806770
294.835240
294.865545
294.892130
294.896925
294.912945
294.977275
295.074750
295.086580
295.134370
295.186475
295.237340
295.274590
295.333945
295.347180
295.469350
295.542565
295.606595
295.645905
295.663925
295.694615
295.773450
295.800845
295.839630
295.891085
295.923725
295.984435
296.017780
296.036055
296.069965
296.127095
296.158720
296.193325
296.234370
296.273665
296.335235
296.399775
296.542875
296.583535
296.636470
296.682425
296.707595
296.733410
296.763505
296.807075
296.840235
296.865810
296.884830
296.908025
296.922965
296.955390
296.990260
297.006205
297.016065
297.024325
297.095275
297.120040
297.144330
297.171810
297.232295
297.269450
297.330325
297.380700
297.524280
297.571715
297.597460
297.619440
297.663090
297.709875
297.767495
297.802330
297.843310
297.898715
297.955570
297.997850
298.030040
298.048850
298.073370
298.121735
298.145405
298.171630
298.196530
298.230685
298.238335
298.453305
298.517485
298.550920
298.588215
298.596720
298.671240
298.696500
298.717050
298.743215
298.823915
298.874370
298.907080
298.967020
299.011665
299.053150
299.064135
299.100945
299.125240
299.158595
299.188890
299.207835
299.263830
299.337145
299.527700
299.550995
299.585535
299.628665
299.734420
299.776430
299.804665
299.834795
299.854415
299.887865
299.919775
299.941350
299.971980
300.006660
300.084970
300.103275
300.133360
300.159115
300.227130
300.280450
300.333960
300.385880
300.489550
300.541755
300.554615
300.564490
300.624000
300.649690
300.677360
300.708110
300.760610
300.774620
300.823140
300.873245
300.921070
300.960755
300.983380
300.990405
301.021995
301.034025
301.074935
301.173220
301.202270
301.228855
301.231995
301.246020
301.368425
301.390300
301.479350
301.514400
301.529340
301.556890
301.575745
301.603180
301.632045
301.682060
301.696190
301.720900
301.734885
301.821370
301.915150
301.963465
301.991945
302.048560
302.070570
302.136245
302.190495
302.223285
302.238580
302.342685
302.493630
302.549685
302.566730
302.618490
302.650525
302.664405
302.713530
302.762395
302.810140
302.864110
302.880075
302.920355
302.952935
303.000480
303.100855
303.179875
303.226960
303.230935
303.372785
303.407085
303.514345
303.663160
303.696540
303.718240
303.748405
303.761945
303.784140
303.805885
303.841980
303.932050
303.943715
304.028835
304.055805
304.102515
304.127100
304.202660
304.230130
304.233990
304.362410
304.410895
304.490190
304.589930
304.639485
304.684595
304.700385
304.735640
304.770200
304.803725
304.841015
304.860565
304.894500
304.930610
304.968085
304.986610
305.075975
305.112575
305.147890
305.182955
305.230485
305.241385
305.265815
305.333390
305.372095
305.468055
305.562310
305.609325
305.628815
305.707870
305.735090
305.793820
305.840325
305.858560
305.879770
305.891645
305.943140
305.951015
305.981390
306.089520
306.099235
306.157090
306.193290
306.227175
306.234260
306.336490
306.394065
306.457890
306.580310
306.601560
306.625185
306.681555
306.698215
306.725265
306.745970
306.791790
306.817830
306.849340
306.899470
306.917115
306.973940
307.018710
307.042155
307.068470
307.103395
307.136105
307.162510
307.190290
307.208075
307.238875
307.331270
307.356375
307.414735
307.503375
307.562755
307.597555
307.621560
307.682990
307.708670
307.723975
307.794650
307.819645
307.906875
307.922610
307.987740
308.039115
308.059140
308.095175
308.182310
308.250030
308.346795
308.394230
308.504490
308.529450
308.607095
308.650605
308.690845
308.717355
308.731405
308.783010
308.795135
308.830100
308.863440
308.910285
308.961430
309.017770
309.035315
309.047495
309.072365
309.104100
309.140690
309.209720
309.231770
309.315755
309.359905
309.542915
309.568540
309.630535
309.648805
309.667675
309.687415
309.718000
309.762730
309.778270
309.822910
309.847965
309.880215
309.905830
309.935120
310.003340
310.046725
310.086160
310.096595
310.155585
310.195680
310.260900
310.364115
310.412985
310.462595
310.495715
310.584450
310.626815
310.701855
310.749670
310.763780
310.810450
310.857715
310.888690
310.919870
310.946100
311.033475
311.055765
311.098485
311.162275
311.189520
311.223675
311.226540
311.235710
311.344710
311.447810
311.512015
311.573930
311.601345
311.632785
311.647630
311.661565
311.734675
311.792555
311.813770
311.830725
311.857930
311.894195
311.935825
311.947280
311.977080
312.009545
312.052935
312.096660
312.116850
312.138050
312.201805
312.229405
312.232540
312.324250
312.391760
312.468515
312.521625
312.581705
312.592065
312.627840
312.682320
312.747890
312.763460
312.838985
312.876115
312.971900
313.004910
313.033760
313.048310
313.061550
313.093200
313.106690
313.199905
313.227675
313.233255
313.328530
313.356160
313.463745
313.527285
313.596495
313.686050
313.716230
313.752075
313.765745
313.805835
313.832600
313.858785
313.894475
313.908755
313.923590
313.938455
313.964600
313.989675
314.007045
314.075855
314.088290
314.126265
314.172565
314.188840
314.230800
314.335175
314.364370
314.543325
314.589795
314.615095
314.632635
314.656495
314.675925
314.763510
314.785320
314.822605
314.880970
314.896025
314.926320
314.943255
314.973800
314.998690
315.065885
315.089185
315.098790
315.124130
315.164870
315.186075
315.210310
315.308725
315.356735
315.403200
315.501820
315.640125
315.670240
315.687770
315.725680
315.785115
315.889955
315.934490
315.973315
316.023160
316.033070
316.084955
316.124600
316.197770
316.230995
316.303440
316.336480
316.416850
316.443995
316.491400
316.592585
316.615435
316.644800
316.701600
316.714095
316.754960
316.782455
316.815225
316.908540
316.950145
316.967895
317.070155
317.081970
317.184435
317.228900
317.235370
317.332290
317.444640
317.473300
317.532915
317.567155
317.600100
317.653915
317.717105
317.783775
317.810365
317.863660
317.892975
317.930695
317.976345
317.997860
318.044925
318.073735
318.119245
318.155325
318.185440
318.198675
318.267535
318.322540
318.379385
318.484645
318.538260
318.568125
318.612260
318.630985
318.653060
318.665935
318.736050
318.757235
318.789435
318.819490
318.871780
318.928630
318.960965
318.973965
319.039560
319.055785
319.094015
319.106480
319.150960
319.164590
319.224800
319.234305
319.308375
319.338025
319.391030
319.515015
319.560490
319.596070
319.632725
319.653535
319.672880
319.751935
319.785845
319.814610
319.844795
319.906445
319.923805
319.943610
319.962760
319.980460
320.010270
320.060825
320.095665
320.121905
320.141580
320.148470
320.225225
320.228610
320.231710
320.350430
320.402960
320.448390
320.504150
320.614535
320.679510
320.711395
320.753720
320.792525
320.825795
320.848970
320.923335
320.957030
320.975140
321.021200
321.075655
321.113885
321.144505
321.167705
321.178300
321.207995
321.230875
321.332970
321.367470
321.474875
321.552210
321.578315
321.608965
321.612985
321.641125
321.645265
321.669345
321.697050
321.706735
321.740215
321.760940
321.789935
321.886595
321.918465
321.929970
321.950720
322.091145
322.116200
322.160055
322.234515
322.303060
322.340205
322.461490
322.569185
322.610710
322.655845
322.682105
322.725565
322.767400
322.832365
322.862005
322.880270
322.896245
322.936925
322.958040
322.981610
322.997280
323.047505
323.066435
323.077010
323.135325
323.195895
323.211880
323.262870
323.386080
323.452225
323.516090
323.527690
323.561435
323.592590
323.627115
323.702540
323.749770
323.823160
323.850365
323.867645
323.889515
323.924375
323.979640
324.000610
324.016385
324.051425
324.097290
324.126100
324.162875
324.189210
324.228420
324.232795
324.375745
324.434550
324.591465
324.619835
324.634275
324.648925
324.679850
324.715460
324.812810
324.840590
324.875395
324.905170
324.972055
325.008350
325.057710
325.079605
325.119105
325.137605
325.166185
325.197630
325.228000
325.258270
325.339990
325.396065
325.431475
325.529350
325.613030
325.643505
325.667255
325.685500
325.712270
325.756020
325.784065
325.816720
325.868405
325.907715
325.960610
325.994480
326.004375
326.034125
326.067775
326.081320
326.173260
326.233525
326.333645
326.382170
326.455245
326.543995
326.587515
326.610040
326.627560
326.656545
326.679850
326.719715
326.743395
326.779390
326.799430
326.844465
326.902690
326.944665
326.963160
327.003070
327.055115
327.080845
327.125200
327.148880
327.169585
327.227595
327.247310
327.321310
327.381590
327.488670
327.585480
327.613400
327.633885
327.660125
327.676740
327.845625
327.876180
327.940520
327.975505
328.034135
328.076225
328.126780
328.193300
328.221705
328.234710
328.324330
328.339025
328.405070
328.481745
328.539270
328.638305
328.671175
328.683130
328.716325
328.741940
328.773020
328.808400
328.838510
328.882515
328.918230
328.933985
328.971015
329.020425
329.037740
329.089600
329.107615
329.145045
329.195205
329.232660
329.246980
329.339725
329.378265
329.464730
329.554080
329.586025
329.628710
329.652285
329.676415
329.687290
329.757175
329.788495
329.813610
329.833345

